7
49
75
80
81
83
84
86
86
84
84
84
85
84
84
83
84
84
84
84
84
84
85
86
86
87
86
85
85
85
87
86
86
85
85
87
86
86
85
85
85
85
85
86
85
85
85
85
85
86
85
86
85
85
85
85
86
86
85
86
84
85
86
85
85
84
85
85
86
85
85
82
84
84
85
85
84
83
83
83
83
84
83
82
82
82
90
86
77
89
70
69
70
74
65
64
65
64
64
66
64
65
64
64
65
65
65
67
66
63
65
66
65
65
64
64
64
65
65
65
65
68
72
75
78
80
81
81
83
104
79
79
78
78
83
77
78
83
79
78
78
78
79
79
78
78
78
77
78
78
82
78
78
77
78
78
79
80
81
81
82
82
82
82
81
82
82
83
85
84
84
83
83
83
84
84
83
83
83
83
83
88
110
77
76
76
79
77
77
77
77
77
77
77
78
79
77
77
76
77
77
77
77
77
84
75
76
77
79
81
90
84
85
95
106
114
94
114
124
126
114
134
90
71
63
63
64
62
63
77
82
89
73
80
70
87
92
66
68
147
72
80
69
70
68
64
70
114
77
112
134
265
144
317
45
55
51
100
34
63
131
131
197
167
155
63
55
60
70
22
277
2
206
294
276
255
50
186
205
3
0
86
92
119
244
246
246
240
242
240
226
14
80
167
216
218
224
222
222
219
215
214
216
245
244
299
297
7
144
140
298
299
302
302
302
301
298
302
327
323
320
321
320
318
318
308
163
10
180
184
1
307
317
311
310
142
119
100
274
279
284
283
277
279
267
270
270
264
262
253
249
242
240
243
240
237
234
230
226
221
216
210
216
