119
347
425
233
224
68
294
403
342
204
250
250
239
341
329
203
214
377
364
331
325
323
317
310
310
296
317
310
99
238
13
292
292
277
165
225
262
164
214
6
0
75
257
0
30
275
278
255
224
242
258
253
278
293
111
25
320
1
9
163
283
16
272
297
261
310
303
125
237
287
235
135
202
6
227
104
2
301
177
0
108
307
66
0
98
45
0
106
80
42
305
284
264
35
37
0
229
269
14
222
4
331
240
4
458
40
240
171
120
28
86
237
232
165
65
1
97
54
10
34
17
228
292
244
262
99
246
10
0
279
195
246
312
58
279
385
175
153
229
117
78
42
297
283
146
354
340
331
59
239
309
325
27
276
299
309
320
329
317
320
296
312
311
311
317
313
316
93
250
1
210
163
265
113
274
304
303
304
312
321
336
317
297
223
208
2
81
270
276
295
273
262
270
283
288
287
287
298
278
285
289
287
284
281
273
243
197
0
63
300
283
155
300
305
304
308
306
304
298
306
308
305
300
297
305
312
312
308
306
307
308
313
315
312
