6
25
105
108
105
112
114
122
93
89
89
94
99
90
86
90
89
90
88
91
93
109
84
67
89
160
125
62
152
250
76
361
70
150
63
105
57
48
52
108
57
56
49
41
47
47
46
47
47
47
47
47
46
47
47
47
47
47
48
51
53
56
58
62
63
66
66
69
71
74
77
79
81
83
163
430
301
207
65
38
37
37
36
36
36
37
37
36
36
36
36
37
37
36
36
36
36
36
36
36
36
36
36
36
38
42
47
51
55
60
65
70
72
75
77
79
77
81
87
82
82
83
83
84
84
84
84
84
84
85
85
85
84
84
84
85
85
84
84
84
84
85
84
84
84
84
84
85
85
84
84
83
84
85
85
85
84
83
83
84
84
85
84
83
83
83
84
84
83
83
83
83
83
84
83
83
82
83
83
84
83
83
82
82
83
82
83
83
83
83
82
84
83
84
82
82
83
84
83
84
83
82
82
83
83
83
82
82
81
82
83
82
82
81
81
82
82
82
82
82
81
81
82
82
82
81
81
81
82
82
83
83
81
81
82
82
82
81
81
113
285
125
104
411
130
263
301
335
68
172
145
117
265
359
70
164
111
36
58
92
64
84
144
79
156
61
87
131
98
137
186
77
94
309
6
164
59
49
50
50
50
58
59
59
58
57
56
55
55
54
52
52
97
46
76
116
43
44
52
116
150
214
276
206
1
243
371
366
108
5
8
0
163
52
79
29
28
24
26
28
46
144
56
53
240
155
307
78
45
113
32
52
256
28
344
90
23
15
15
29
19
21
89
297
12
28
21
27
12
11
11
27
26
42
85
100
58
80
25
23
13
14
27
109
56
34
23
24
44
25
44
55
42
23
48
27
52
24
35
60
26
60
102
90
223
38
39
41
31
58
48
108
93
88
58
62
87
238
177
198
112
232
192
61
112
42
54
110
156
65
93
108
57
328
153
210
1
163
260
64
114
82
117
198
104
328
58
139
252
69
176
57
118
131
144
96
240
183
56
203
176
158
264
66
222
38
34
36
113
264
139
158
12
111
44
43
40
40
39
38
38
38
66
37
37
37
37
38
38
41
86
79
26
57
116
213
97
148
177
191
134
2
87
90
348
178
167
248
243
248
180
282
221
112
83
83
45
42
41
42
41
41
179
106
51
286
163
79
77
269
105
227
199
153
195
79
250
215
49
0
25
25
25
23
21
23
41
20
20
20
20
20
20
19
19
19
19
19
19
19
19
18
18
18
19
22
27
32
37
42
47
54
60
60
73
79
79
83
80
86
90
91
95
88
88
92
111
92
87
97
94
92
88
88
93
93
85
87
86
89
91
91
88
101
90
84
87
90
88
89
86
92
89
92
87
85
87
93
86
88
88
86
86
85
86
87
85
85
85
85
86
88
86
86
86
86
87
87
86
86
86
86
87
87
87
86
86
87
87
88
88
88
87
88
87
107
86
88
86
88
97
85
86
85
86
87
86
84
85
85
84
84
84
84
84
84
84
84
83
84
84
84
83
82
83
84
84
