10
125
145
137
132
129
128
127
126
124
123
122
123
124
123
123
122
121
121
122
123
123
122
121
123
122
123
123
122
120
118
119
120
120
119
118
117
113
155
137
105
104
104
105
105
104
103
102
101
102
104
106
107
107
106
104
104
103
103
104
105
105
106
107
107
107
107
110
114
117
119
120
120
120
120
120
121
121
120
120
120
120
120
130
123
123
122
124
125
125
125
125
124
117
107
101
98
97
104
108
110
111
109
110
107
136
136
111
103
101
104
104
104
105
106
105
105
104
104
105
104
103
102
101
111
114
102
101
99
99
98
99
99
99
102
104
106
107
108
109
108
106
106
106
107
107
107
106
104
112
109
107
108
107
108
107
112
111
111
110
109
108
109
110
110
111
112
113
114
116
116
116
115
115
115
116
116
116
116
117
115
116
116
116
115
115
113
114
115
115
116
111
107
105
107
106
106
104
106
108
112
105
107
108
108
107
103
100
99
98
96
96
97
98
98
99
96
97
99
101
107
164
107
81
162
176
238
233
178
56
66
125
90
64
78
36
166
315
23
223
60
46
0
99
248
34
129
1
0
61
64
8
36
31
29
26
24
21
20
20
19
19
20
19
19
19
19
19
21
21
21
23
28
30
33
38
38
41
47
52
56
59
65
69
73
76
80
82
85
86
87
87
88
89
89
91
90
87
86
86
87
88
87
87
86
87
87
88
87
87
86
86
87
87
86
87
86
86
87
87
88
87
86
86
86
92
95
87
86
86
87
91
92
100
82
83
82
82
79
81
81
80
80
81
82
81
81
80
89
80
90
105
253
105
93
62
56
39
92
41
39
56
41
41
40
53
43
43
47
49
47
43
50
49
66
58
71
16
242
248
259
167
256
42
128
256
257
218
15
238
255
257
183
112
230
27
159
72
148
39
2
0
46
116
137
72
203
39
146
153
157
159
158
157
155
153
150
148
144
143
128
124
132
126
119
99
82
70
59
53
50
46
44
45
47
45
44
42
40
38
36
34
34
33
34
34
36
36
38
41
43
46
50
53
58
63
68
73
76
78
81
83
86
88
90
90
92
94
96
99
100
101
101
102
103
104
105
104
107
102
103
104
105
106
104
104
104
104
105
105
104
103
103
104
104
104
103
103
102
101
102
102
101
100
100
101
100
101
100
99
99
98
99
98
98
97
96
97
97
97
97
95
96
96
95
96
96
97
95
96
96
97
97
97
97
96
97
98
98
98
99
97
96
97
97
96
95
94
94
94
94
94
93
93
92
93
98
93
93
93
92
93
93
93
92
93
92
92
92
93
95
92
91
92
94
94
93
93
92
90
90
91
91
90
89
89
89
89
89
89
89
89
86
232
101
102
211
70
91
65
71
156
89
158
69
68
103
67
116
59
53
64
65
82
240
62
50
76
143
59
46
44
51
83
69
132
273
118
20
475
269
210
116
253
205
186
226
349
304
268
180
119
67
145
116
178
165
100
166
295
175
167
4
72
36
31
0
66
141
54
65
0
163
47
55
88
78
89
58
54
155
86
7
130
151
70
172
183
181
178
82
166
96
132
20
151
73
13
65
33
32
36
31
38
32
31
31
31
31
31
31
31
31
30
30
48
34
40
40
39
41
46
50
57
66
73
84
97
107
118
126
134
141
148
151
153
155
155
154
154
153
147
158
146
150
146
145
144
144
144
143
143
142
142
142
144
