1
57
72
83
93
103
110
109
108
106
105
104
104
104
104
103
102
102
102
102
102
101
101
100
100
100
100
100
99
99
99
99
100
99
99
98
98
98
99
99
98
98
97
98
98
99
98
98
98
98
99
99
99
98
98
98
98
99
99
98
98
98
98
99
99
98
98
97
98
98
98
99
138
122
86
87
87
89
89
95
95
94
96
94
92
92
93
96
109
203
164
158
140
128
130
131
123
129
135
139
142
136
125
117
115
114
117
122
121
118
116
119
119
114
115
115
118
120
120
111
107
172
97
95
101
122
84
82
81
98
81
80
77
78
77
114
125
65
60
59
132
141
67
51
51
51
94
73
59
74
61
51
51
52
52
52
54
53
53
51
50
50
49
56
50
49
49
49
53
58
63
64
63
63
63
63
64
68
75
125
88
107
97
97
131
154
312
497
96
55
62
57
59
79
149
215
308
377
8
56
119
89
70
56
46
45
36
81
25
24
35
26
28
35
45
143
368
106
38
45
24
23
24
23
27
90
70
56
361
179
75
202
61
70
102
107
126
139
135
131
35
14
101
135
125
61
113
331
64
102
189
53
435
152
130
130
133
129
123
121
124
124
123
117
117
113
