23
196
263
188
0
277
310
317
317
239
229
134
67
381
380
363
359
55
310
39
322
15
210
267
285
295
296
311
302
307
284
291
300
309
317
300
314
209
339
325
355
274
169
183
66
108
210
0
103
4
0
87
140
24
17
159
6
95
305
234
2
33
130
166
44
3
75
0
20
190
111
0
57
134
184
409
187
26
0
64
41
32
198
196
198
202
181
223
211
179
112
97
72
134
104
12
144
57
76
42
15
12
13
15
30
26
19
18
25
16
15
16
16
26
18
18
26
17
17
24
24
41
31
71
45
58
37
157
66
147
52
47
53
56
50
48
90
55
47
49
189
81
50
103
272
106
75
52
43
46
41
39
41
42
41
39
41
39
39
40
39
137
60
41
48
43
43
43
40
41
43
45
43
46
47
48
48
48
59
49
48
55
79
66
62
78
90
61
108
51
52
60
63
78
59
64
106
82
112
97
60
65
69
60
61
84
158
49
66
52
53
42
47
109
72
57
51
55
45
42
43
53
48
47
46
56
49
49
50
57
82
65
69
71
79
96
141
288
132
2
211
385
52
185
128
223
6
333
154
170
209
1
133
60
3
357
88
40
204
249
45
77
116
5
70
0
19
251
202
125
356
5
0
116
234
267
225
189
187
229
89
157
129
135
64
68
0
14
168
229
210
240
177
0
76
246
56
188
229
257
247
18
32
253
272
10
76
171
168
154
210
17
181
343
0
0
62
156
0
150
4
195
189
138
28
69
6
89
218
237
235
239
243
250
252
271
258
272
196
51
176
48
181
165
144
117
180
55
126
114
31
309
94
10
245
8
5
212
235
296
249
254
264
240
127
108
226
226
199
0
50
383
54
3
281
47
2
69
2
333
358
248
51
338
375
350
320
312
299
273
202
275
281
184
306
151
139
53
4
0
73
153
165
170
0
7
31
62
109
65
80
90
132
14
19
36
31
102
0
65
58
5
166
217
127
0
0
80
248
114
22
0
173
205
208
209
208
211
213
218
222
221
215
210
207
213
218
222
216
211
211
241
248
240
231
230
