4
38
82
95
104
102
99
98
96
98
97
97
96
96
96
96
96
96
96
95
96
96
96
95
95
94
93
94
94
94
93
93
93
93
93
93
92
92
91
92
92
93
92
92
91
91
92
92
92
95
112
162
140
223
401
154
158
318
26
51
341
218
79
319
330
306
302
77
22
85
5
0
5
53
66
53
2
0
64
77
41
38
98
76
52
48
77
184
55
31
16
15
14
14
17
20
22
25
28
28
27
27
27
27
27
27
26
26
26
26
26
26
26
25
25
29
34
43
56
65
238
66
67
64
66
66
66
66
66
66
66
65
65
66
66
66
66
65
94
216
32
32
50
29
72
92
24
63
23
23
25
30
34
43
50
83
118
134
98
31
64
27
27
26
25
27
28
35
44
47
34
38
35
35
71
150
258
154
0
0
212
19
67
170
176
69
47
296
226
343
59
184
0
120
96
99
166
155
133
81
40
96
39
57
125
0
113
155
347
153
0
53
122
181
126
243
23
61
189
165
87
170
148
26
120
66
121
100
389
2
104
123
84
76
71
67
65
64
61
59
56
53
50
48
46
44
44
43
43
44
41
40
38
38
37
40
191
108
83
141
157
306
171
129
124
258
177
106
191
0
178
170
66
163
117
124
113
115
114
111
118
119
112
121
114
109
110
110
110
114
118
102
105
108
109
115
123
127
142
142
150
