3
46
70
73
71
70
69
68
67
66
66
66
66
66
66
65
65
66
69
66
65
65
64
65
65
65
65
65
65
65
65
65
65
65
65
64
65
65
65
65
64
65
65
65
65
65
65
65
65
66
66
65
66
65
66
66
66
66
65
65
65
66
66
66
66
65
65
66
66
66
65
65
65
65
66
66
66
65
65
65
66
66
66
66
65
65
65
66
65
66
65
65
65
66
66
66
65
65
65
65
66
66
65
65
65
66
66
65
65
65
65
66
66
65
65
65
65
66
66
66
66
65
65
66
66
65
65
65
65
65
66
66
66
66
65
65
66
66
66
65
65
65
65
66
72
91
150
56
86
70
52
183
321
21
18
18
19
19
20
23
20
20
21
22
22
19
18
21
18
18
18
18
18
18
18
18
18
18
18
19
22
25
28
32
35
38
