6
34
62
66
66
67
66
66
66
61
67
68
67
74
81
93
102
107
115
121
121
121
121
125
129
124
121
121
115
115
114
115
114
112
111
112
113
113
115
114
112
111
117
118
116
109
108
110
109
109
107
106
107
107
107
110
108
108
104
106
103
108
104
104
104
108
96
111
105
102
102
99
123
106
108
112
109
100
97
98
99
97
94
101
97
99
97
98
98
97
97
99
98
98
97
97
97
106
115
105
128
122
239
381
216
41
186
169
74
187
317
172
310
74
196
297
20
206
141
349
228
302
303
295
245
176
243
8
35
210
58
201
226
264
286
174
195
51
248
113
170
206
87
212
119
134
201
167
111
75
147
44
199
316
266
311
252
241
239
238
236
235
236
238
236
236
235
237
236
235
238
237
237
235
236
235
237
