3
90
156
147
143
139
135
133
131
131
132
131
130
130
129
130
130
130
130
129
128
128
129
129
128
128
127
128
129
129
129
128
127
127
128
128
128
127
127
127
127
127
128
127
126
126
126
127
127
127
126
126
126
126
127
126
126
125
126
126
126
127
126
126
126
126
126
127
126
126
125
125
126
127
126
126
125
126
126
127
127
126
125
125
126
126
126
126
125
125
125
126
127
126
126
125
124
125
126
125
125
124
124
125
126
126
125
125
125
126
126
126
125
125
124
125
126
126
125
125
124
124
126
126
125
125
124
124
125
125
125
124
124
124
124
178
86
201
257
103
195
84
78
100
147
207
137
189
213
272
32
140
76
0
269
99
32
60
111
1
244
345
1
0
36
303
73
59
44
105
397
48
109
55
2
201
221
226
230
234
237
240
244
246
246
245
244
247
251
248
247
243
237
236
234
238
234
238
249
266
