28
64
106
102
100
104
99
96
95
94
98
98
94
94
95
98
99
93
90
94
97
97
92
90
88
92
100
95
94
89
93
91
94
93
95
92
95
93
94
98
93
92
91
99
95
89
85
93
97
92
89
90
95
93
90
88
94
110
91
81
86
100
94
95
89
90
101
94
97
88
91
94
95
92
90
93
94
88
89
91
95
94
88
92
89
88
92
85
97
94
96
91
90
91
98
92
91
90
94
95
91
96
90
99
93
100
87
88
86
90
99
94
91
87
89
92
94
93
88
94
92
94
87
84
84
87
93
90
90
93
94
91
94
96
94
93
94
93
96
94
95
89
90
91
91
89
86
89
93
96
99
87
89
91
90
94
95
96
91
88
88
88
91
90
90
88
96
93
92
92
95
92
90
92
89
89
86
88
92
93
95
92
89
92
98
91
90
130
121
98
114
84
176
39
42
40
41
38
43
55
71
41
83
135
47
41
39
43
104
26
27
29
27
30
30
26
25
26
26
26
26
27
33
26
24
28
28
26
28
23
26
25
26
27
28
28
31
34
41
39
59
50
55
57
62
61
60
59
94
295
166
56
45
36
61
43
45
42
41
88
48
42
60
55
52
55
45
57
44
73
52
51
48
50
51
49
47
51
53
67
104
52
50
55
50
51
52
51
52
50
53
52
52
51
50
53
54
98
56
48
51
54
59
57
52
69
64
55
50
52
73
63
113
89
68
63
62
49
48
47
48
50
50
45
45
49
101
53
56
49
47
62
52
46
46
44
46
49
49
48
96
57
51
52
52
56
56
57
58
59
114
64
48
50
46
46
53
42
43
51
47
48
44
53
49
51
47
38
50
46
48
43
45
47
49
48
47
44
50
53
58
69
74
100
125
38
43
43
54
41
46
36
44
48
43
46
43
41
43
42
41
39
39
42
43
44
43
42
39
40
41
44
48
51
53
54
59
63
65
63
62
64
63
69
68
67
64
65
66
72
75
68
68
64
65
68
69
66
66
68
67
73
67
66
69
66
65
100
63
66
60
64
63
125
77
67
67
123
77
67
68
61
87
99
75
59
68
63
62
69
84
90
76
74
66
69
145
42
49
56
60
48
41
50
49
79
43
48
48
43
44
43
45
50
43
51
46
44
51
50
41
50
94
38
48
50
48
48
63
57
142
84
77
114
75
108
63
75
114
63
45
49
61
90
56
47
52
52
86
53
61
64
59
60
56
57
66
93
60
61
56
50
41
78
38
36
36
46
45
34
55
42
38
34
33
37
39
44
57
48
52
59
54
57
44
46
48
49
47
78
72
64
61
76
65
62
67
62
69
82
72
71
66
93
76
51
57
60
62
49
49
52
49
52
55
60
53
66
85
86
166
59
52
157
478
52
21
18
18
20
19
19
18
21
51
19
21
20
21
19
19
24
23
69
54
141
297
274
179
114
76
97
264
99
391
109
81
287
338
318
325
260
64
76
0
0
101
150
154
154
155
155
157
159
161
161
154
158
158
161
163
161
162
158
153
155
158
160
164
196
234
277
