10
84
85
86
81
81
80
79
77
77
78
77
78
75
77
75
76
77
78
78
76
75
76
76
75
76
76
78
71
74
75
75
76
76
76
76
76
75
78
72
75
75
75
75
67
74
75
76
76
76
77
76
76
75
76
77
77
76
76
76
75
76
77
77
76
75
79
78
76
75
75
74
87
95
95
91
102
67
104
77
76
94
104
137
176
173
205
123
120
120
140
211
277
272
324
592
506
201
272
121
52
76
19
17
20
23
40
20
26
31
35
28
46
158
350
11
266
272
67
113
224
327
349
282
318
330
313
284
270
184
189
53
94
13
84
85
79
44
61
62
63
63
63
63
63
63
63
63
62
61
61
61
60
61
60
61
68
76
95
112
133
140
152
169
190
207
223
234
244
262
255
255
248
244
258
249
255
256
261
258
257
255
262
266
265
