4
30
54
63
71
72
75
81
83
84
83
82
82
82
81
82
82
82
81
81
81
81
81
81
82
81
81
81
82
82
82
81
81
81
79
80
81
82
80
80
81
82
82
81
81
81
81
82
82
81
80
81
81
82
82
81
81
81
81
82
82
81
81
81
81
81
81
81
81
81
80
81
81
81
82
81
81
81
81
81
81
81
80
81
80
81
81
96
77
77
77
78
78
77
77
76
77
77
77
77
77
77
76
78
77
77
77
78
77
77
77
77
77
76
77
78
80
80
80
79
79
81
81
81
81
80
80
80
80
81
80
81
80
80
81
80
81
81
80
81
81
81
81
81
81
81
81
92
81
83
104
76
76
82
119
76
100
84
178
89
116
172
248
326
248
277
140
260
97
108
122
118
153
175
20
321
247
185
221
142
279
155
238
86
170
134
1
72
85
89
92
93
93
93
94
94
93
92
92
91
91
92
91
91
90
89
90
90
90
90
89
90
103
126
144
160
172
182
191
200
205
206
208
208
208
211
213
213
212
212
211
213
215
215
214
213
212
214
215
