187
212
108
274
248
251
47
82
105
113
285
271
277
296
133
279
276
284
278
282
212
261
255
270
258
258
261
168
192
216
111
250
270
240
253
150
189
286
278
264
263
267
263
269
255
276
263
266
254
264
240
261
257
220
188
36
183
229
234
181
38
17
305
209
22
182
230
186
186
192
31
300
180
224
301
259
391
217
112
120
116
0
55
182
193
194
55
143
154
206
181
181
226
172
185
181
195
117
254
31
113
184
124
232
198
198
317
305
281
52
110
248
179
119
3
116
115
110
161
41
318
426
105
82
56
36
61
78
73
44
73
46
121
116
11
90
74
78
75
123
134
120
95
95
88
99
71
84
74
87
114
116
180
208
243
234
336
277
267
315
143
282
179
246
167
184
185
155
155
154
155
154
149
152
153
156
156
