4
32
94
93
90
87
83
83
83
83
83
82
81
82
82
81
81
81
80
80
80
81
81
80
80
80
80
80
80
80
79
79
79
79
79
79
78
77
78
78
79
78
77
79
78
78
82
94
78
76
75
75
75
76
76
76
75
75
76
75
77
75
76
74
75
76
75
76
76
78
75
75
76
76
76
75
76
77
78
78
77
77
76
77
78
77
77
77
77
77
77
77
78
77
77
77
78
78
78
77
77
77
78
78
78
77
77
77
78
78
79
78
77
79
79
77
78
77
77
76
78
240
134
57
110
98
175
76
104
102
140
402
309
53
37
45
71
48
31
22
17
24
34
22
31
41
94
114
276
359
189
245
168
438
278
349
327
339
326
290
284
262
280
300
291
284
277
258
225
227
268
274
265
