22
94
116
111
106
99
96
94
93
93
93
94
95
94
94
93
94
94
96
96
93
94
94
93
93
94
95
96
95
93
95
93
95
93
93
92
93
93
93
92
91
90
92
92
91
93
89
91
91
92
93
92
92
91
92
92
92
92
93
93
95
93
92
92
91
91
91
91
94
92
93
90
94
92
91
92
91
90
90
90
90
91
90
90
89
90
92
91
91
90
91
91
91
92
92
91
91
91
91
92
92
91
91
91
94
93
94
93
92
91
91
93
92
91
91
91
90
91
91
90
91
89
92
92
90
89
91
95
92
90
91
92
91
92
91
91
90
90
88
87
87
85
89
88
87
86
86
86
87
87
87
87
87
86
149
83
87
78
75
81
78
78
79
80
77
76
76
77
80
82
110
92
79
113
85
78
79
85
90
76
72
77
78
82
103
96
85
79
79
78
76
78
77
79
93
103
88
87
79
84
81
79
79
78
84
97
83
85
80
78
76
78
89
110
84
80
86
106
107
72
80
83
77
79
80
78
84
80
81
77
81
97
77
78
75
79
87
78
86
84
79
77
77
77
77
76
79
80
82
83
82
83
82
83
84
86
84
85
84
86
85
86
86
86
87
86
86
87
88
88
90
86
87
97
110
258
51
52
48
52
63
85
68
156
180
128
72
157
42
42
124
247
178
253
303
149
132
134
14
77
141
53
85
76
115
15
190
123
218
33
61
318
108
128
137
115
92
22
175
77
148
97
138
180
109
256
0
87
107
114
120
124
120
121
125
128
128
125
119
118
129
133
124
127
125
124
125
128
125
127
125
125
137
168
189
202
220
227
230
240
241
246
246
243
241
239
249
246
246
240
241
240
250
244
243
249
241
