11
67
149
140
137
134
133
133
120
127
128
130
127
123
123
122
121
122
120
118
116
116
115
115
114
113
113
112
112
112
112
112
111
111
111
111
111
111
110
110
110
111
111
111
111
110
110
112
112
113
112
112
112
112
113
113
113
112
111
111
112
112
112
112
111
111
112
112
112
111
110
110
111
111
111
112
111
110
111
111
111
111
109
107
107
108
106
105
104
104
104
105
106
106
106
106
106
107
107
107
106
105
106
106
108
109
114
114
100
101
102
102
101
101
100
101
101
101
101
100
100
100
101
103
101
100
99
99
100
101
100
100
100
100
101
104
106
107
107
107
106
106
106
105
106
105
105
106
106
106
105
105
105
106
107
106
104
103
103
103
104
104
103
102
102
103
103
104
104
103
103
104
105
105
104
104
103
104
104
105
104
104
104
103
103
104
104
104
104
103
109
116
113
102
102
101
101
101
101
102
100
100
101
101
271
185
284
207
237
65
305
255
235
161
80
85
259
161
302
306
116
57
84
138
160
4
201
256
240
178
84
83
179
82
92
66
53
47
109
165
58
16
42
46
44
45
43
55
57
63
57
57
57
56
60
60
62
71
73
68
91
107
99
108
94
94
97
102
142
196
164
154
156
197
162
159
176
156
155
158
154
153
157
187
156
154
153
162
165
189
153
152
157
