34
33
36
43
48
56
44
49
65
39
74
47
71
72
38
46
42
39
40
38
36
34
39
33
36
36
39
50
37
33
32
32
117
32
39
46
35
33
35
35
38
36
34
37
35
35
36
36
35
32
36
40
35
40
35
30
32
52
38
40
38
43
38
42
43
45
40
42
43
53
114
134
145
87
111
172
181
194
69
319
152
27
22
39
38
87
139
28
194
222
67
357
236
266
85
361
68
31
78
0
149
0
24
59
97
26
0
40
8
2
30
48
32
31
33
34
37
42
43
38
36
43
43
45
56
63
73
85
104
98
86
100
106
130
137
156
184
178
206
194
172
163
158
158
181
282
53
46
34
31
33
16
29
14
9
9
8
11
12
24
21
14
91
66
44
44
69
18
16
79
9
30
143
315
219
172
0
23
20
14
33
5
32
26
39
0
0
3
16
26
5
53
52
56
56
57
58
58
59
60
61
63
71
85
98
112
127
133
150
166
177
179
178
179
178
180
177
177
178
177
181
172
181
176
176
180
181
179
174
175
180
177
