58
438
367
332
467
167
53
211
315
83
0
59
1
104
131
194
28
124
0
305
435
256
0
35
125
175
237
230
1
95
240
273
356
212
349
285
154
35
112
1
272
261
269
279
254
9
137
307
235
153
272
166
110
223
85
322
248
337
339
312
283
323
252
291
335
97
315
317
306
297
297
294
297
300
309
310
307
327
331
296
228
180
210
181
191
232
231
174
216
178
105
222
222
210
143
205
11
218
220
225
228
221
210
224
220
237
59
198
222
270
277
271
280
285
98
291
152
301
291
294
292
287
260
173
300
305
297
311
146
95
176
268
262
258
275
271
66
289
276
290
287
278
281
278
139
233
72
275
220
202
266
280
280
53
308
202
41
10
207
235
275
155
189
90
273
255
351
226
240
245
243
244
251
273
291
237
131
189
246
254
135
204
216
222
234
279
46
54
168
162
185
219
28
199
181
192
207
215
47
88
130
50
52
246
173
156
0
143
289
259
45
47
273
244
301
298
316
313
328
260
25
243
297
229
301
300
305
289
299
302
306
302
299
291
293
300
287
281
287
304
302
298
308
296
301
300
