3
27
113
61
77
83
44
231
114
79
55
237
51
67
227
54
112
50
115
62
61
74
133
89
65
119
129
232
77
53
42
72
67
69
65
144
88
44
61
58
55
51
60
49
64
38
51
54
35
51
61
34
71
103
103
46
31
26
100
96
27
40
131
85
231
125
76
149
112
124
53
86
66
62
37
91
39
49
35
26
26
27
24
27
25
32
28
24
27
27
24
25
22
27
24
27
23
29
27
27
32
28
69
33
38
60
45
40
35
33
35
42
66
72
61
92
94
44
41
64
268
93
42
23
22
18
96
27
72
273
360
31
35
36
79
112
101
139
71
40
104
17
0
26
63
37
24
33
27
26
150
28
78
97
7
71
81
55
44
58
36
40
25
31
154
25
140
62
198
111
8
47
41
258
25
38
25
58
49
36
35
59
28
50
44
31
48
23
29
22
23
25
26
23
24
26
30
34
37
34
27
37
55
44
46
58
53
62
80
64
49
50
112
64
59
56
56
58
