97
103
146
170
96
158
187
140
122
143
152
96
188
141
124
112
174
256
347
323
122
78
224
326
249
325
257
291
129
331
314
114
62
163
134
297
136
226
343
108
305
101
166
319
152
179
377
155
39
372
118
214
245
102
170
276
386
188
56
120
212
126
103
81
75
71
68
67
67
66
71
106
116
100
389
204
172
437
167
263
155
359
320
240
205
376
89
275
162
322
337
67
25
210
346
92
139
250
213
125
142
170
64
0
90
138
161
17
107
81
128
73
0
23
45
55
49
51
54
42
87
46
54
67
84
132
22
94
116
78
173
96
93
58
59
64
86
59
66
70
72
99
69
69
69
68
70
68
68
70
69
69
68
68
67
67
69
69
72
75
79
86
88
91
96
98
100
100
102
104
107
107
109
108
110
110
112
110
110
111
110
113
112
111
110
110
109
111
112
111
111
110
111
115
164
118
140
184
255
245
152
140
276
260
403
412
55
256
139
342
236
327
130
144
123
94
294
322
179
109
117
156
80
117
156
118
166
103
115
75
126
170
321
231
250
113
12
198
282
338
210
346
213
142
158
197
344
176
299
360
335
264
326
333
257
220
305
146
241
229
195
247
