1
10
27
30
87
77
61
68
60
51
64
98
110
135
55
52
106
63
65
51
45
47
48
66
42
61
49
55
42
49
46
69
97
48
47
50
48
43
41
45
36
37
39
42
41
43
42
44
45
46
43
55
45
47
49
46
43
48
43
44
47
49
63
53
58
57
59
59
64
51
74
77
66
64
52
57
61
76
70
83
73
55
50
52
52
52
50
77
73
153
244
91
75
62
44
37
37
35
38
31
33
33
34
32
41
33
32
32
31
33
32
30
32
33
31
30
31
31
32
33
35
41
71
43
47
49
51
52
51
52
54
52
51
54
56
53
54
54
51
53
50
52
53
54
54
53
53
53
51
57
52
53
57
55
56
59
58
56
67
62
57
77
69
80
86
84
105
93
73
84
76
69
56
51
62
59
52
46
42
45
47
47
45
46
45
43
45
45
44
43
44
44
47
44
44
46
46
45
45
48
49
49
57
51
51
55
59
56
57
60
62
61
57
58
58
57
58
55
58
57
57
57
59
55
58
56
56
56
58
55
56
57
58
56
56
65
56
58
57
57
58
61
58
61
58
56
55
57
59
59
62
55
60
56
58
57
57
55
55
56
56
56
60
56
58
57
55
57
59
53
57
65
59
69
58
56
55
52
56
56
56
55
55
56
63
54
52
55
53
51
54
55
56
56
54
54
54
56
59
57
49
50
55
56
59
54
53
55
56
56
54
57
64
58
56
57
59
64
56
57
62
56
62
55
56
56
54
53
57
59
58
74
57
55
55
56
57
59
55
56
61
63
56
57
55
56
55
58
58
56
58
60
54
55
56
56
55
58
56
56
59
59
58
55
57
56
54
55
57
58
57
56
58
57
58
61
56
58
56
55
57
61
57
57
58
58
66
61
55
56
56
61
59
57
60
57
57
56
57
60
95
50
51
77
54
49
49
51
48
49
47
50
51
51
49
49
50
49
48
50
51
51
52
51
49
51
50
52
53
55
56
54
54
56
70
126
122
100
258
59
139
44
49
103
136
171
157
428
212
42
133
28
19
3
60
34
26
72
0
0
0
0
0
0
0
0
0
13
42
28
17
18
7
4
8
33
47
16
12
15
10
17
13
10
12
6
32
51
17
16
25
34
32
113
59
45
69
48
27
47
44
34
45
41
34
25
21
23
33
36
36
39
27
16
13
31
61
59
36
13
49
40
42
38
36
50
32
53
45
21
50
57
51
44
33
54
48
46
33
31
29
17
14
14
20
14
14
13
13
12
12
11
13
14
16
12
13
13
13
17
16
16
16
82
95
82
96
60
80
124
50
50
49
91
129
83
30
97
22
30
26
18
18
10
9
9
31
52
45
73
11
17
24
25
107
239
0
0
0
0
0
0
0
0
0
0
0
0
0
0
0
0
0
0
0
0
35
0
3
46
123
20
31
47
34
30
55
54
100
85
64
61
55
39
40
44
58
40
38
193
