2
33
30
50
210
290
287
258
113
72
3
128
4
21
97
276
57
211
143
0
0
0
0
0
0
0
0
0
0
6
0
6
14
13
26
11
14
17
30
7
9
13
12
12
11
10
22
36
54
27
36
30
28
25
22
25
42
37
39
35
33
31
29
37
31
34
38
27
26
35
31
33
28
27
32
36
69
86
47
0
66
127
147
56
123
109
71
51
56
63
29
36
45
47
30
27
40
38
32
46
51
44
30
25
30
100
43
85
36
66
18
26
46
35
32
64
25
29
33
34
25
30
39
41
38
40
56
49
51
46
33
45
50
102
52
63
32
34
33
32
30
39
37
32
40
43
28
43
39
28
35
32
41
40
57
39
34
37
28
43
38
47
46
45
51
39
37
42
53
59
52
49
49
60
236
112
59
291
72
57
370
166
49
24
31
25
44
33
40
25
28
25
20
18
21
21
21
18
22
26
20
38
24
32
40
60
91
11
201
63
4
137
0
10
168
13
77
291
34
32
20
202
323
96
4
395
56
123
1
45
143
88
290
49
163
75
0
0
0
0
0
0
0
0
0
108
2
27
29
202
26
43
118
92
65
200
5
0
6
14
8
11
11
12
10
24
17
25
19
14
11
8
9
9
9
10
8
8
8
7
8
8
7
10
19
12
13
18
19
20
33
25
30
25
28
30
27
33
40
38
35
41
82
59
68
87
65
66
61
75
80
54
74
121
92
64
176
35
121
55
40
33
40
39
45
34
32
32
142
84
62
112
71
25
28
69
47
56
36
57
41
31
26
23
26
31
32
22
27
21
23
24
23
30
33
27
24
23
23
23
25
28
27
29
29
27
29
29
29
30
29
41
34
43
36
37
38
37
39
35
38
36
41
39
37
37
36
38
38
43
43
38
40
37
36
37
38
37
37
35
36
44
40
39
36
40
40
41
38
29
35
37
43
44
37
37
36
37
35
38
37
37
40
42
46
42
59
39
37
36
35
36
55
49
51
57
73
