12
66
119
114
110
107
106
104
104
103
102
101
101
100
102
101
101
101
100
102
101
102
101
101
100
101
101
100
101
101
100
100
100
101
101
102
101
100
100
100
101
101
102
101
101
102
101
102
101
100
100
100
102
103
103
103
101
100
100
101
101
100
100
99
101
100
100
101
100
99
100
100
100
100
99
100
101
101
99
101
100
100
100
101
101
101
101
101
101
100
101
101
101
100
100
99
101
101
101
100
100
99
102
101
103
100
101
100
101
100
101
100
99
100
100
101
101
100
100
99
100
101
100
103
104
104
124
126
133
134
130
129
122
109
110
110
115
126
126
123
118
116
119
119
119
120
119
112
114
110
107
105
103
102
101
101
101
102
133
115
111
108
106
109
110
108
124
99
118
126
137
126
125
113
127
88
83
76
76
121
180
68
61
60
78
59
73
67
52
51
53
52
50
51
50
50
51
61
58
66
138
102
75
88
79
76
73
73
81
94
95
99
99
104
106
118
123
131
118
133
231
86
79
73
63
61
60
64
69
70
69
68
71
68
68
67
67
65
64
66
60
64
62
57
56
58
58
58
65
69
69
72
85
81
85
83
81
81
81
82
81
83
84
83
84
84
84
84
83
85
85
86
86
86
85
86
85
86
87
86
86
86
86
87
87
87
89
87
87
87
88
88
88
89
89
90
89
89
87
88
88
87
88
88
88
88
88
87
87
88
88
86
87
87
88
88
89
88
88
87
88
90
88
89
88
88
89
88
89
89
88
89
88
89
89
88
88
88
86
89
89
90
89
88
88
89
89
90
89
88
88
90
88
87
90
89
89
88
85
90
87
87
88
87
87
88
87
88
84
85
86
87
110
134
133
148
149
133
126
131
135
132
121
121
121
115
109
107
107
99
134
99
98
97
97
97
98
97
97
96
96
96
96
99
98
97
94
101
93
98
99
97
96
