34
177
131
148
246
223
242
251
125
101
89
88
93
99
109
101
131
123
129
146
186
200
148
139
107
100
78
84
93
88
87
101
88
90
94
84
84
87
88
85
80
111
195
81
87
86
79
79
80
84
75
73
86
74
77
72
69
68
66
70
69
73
76
70
68
71
65
64
66
71
79
89
92
92
94
96
85
93
104
98
97
93
94
103
126
108
120
114
105
116
120
128
132
113
107
125
145
306
340
63
48
48
49
58
62
69
63
67
60
48
58
57
49
52
55
57
57
62
62
71
77
76
93
132
175
421
570
442
371
317
304
262
293
277
272
262
267
268
257
265
265
260
257
262
256
264
257
264
258
253
257
261
