39
41
61
72
78
75
80
76
78
73
73
73
73
73
77
75
73
73
74
74
75
73
82
70
76
68
71
72
73
67
69
69
70
78
76
78
70
72
63
81
78
83
64
66
64
70
67
63
66
66
71
68
62
75
65
68
61
63
63
70
66
66
70
65
64
61
66
74
65
66
68
61
93
61
122
58
57
60
80
57
58
59
60
62
55
58
58
58
59
60
55
60
58
59
59
59
58
58
61
59
64
62
66
70
73
81
87
88
88
91
89
95
95
93
102
107
102
104
101
102
102
111
100
104
103
104
103
103
103
107
101
97
97
97
93
98
86
88
89
92
90
99
90
90
77
83
89
76
81
108
76
71
67
65
68
63
61
60
165
64
44
47
49
50
121
44
59
83
92
77
68
64
77
73
73
71
57
59
59
45
38
40
39
40
32
39
37
40
42
40
43
40
42
40
40
45
42
42
45
48
46
44
50
44
49
45
47
59
51
54
60
57
56
60
57
58
57
74
70
73
58
58
57
60
58
58
56
62
64
83
68
69
68
68
70
75
105
89
68
70
86
129
168
85
139
167
202
209
316
193
238
131
136
124
98
313
135
133
125
94
102
110
141
158
176
184
183
183
184
197
198
192
193
175
166
175
183
184
190
182
188
196
191
196
209
200
199
