3
32
34
37
38
39
38
39
43
52
58
66
75
86
100
107
114
124
126
127
126
125
125
124
126
121
118
115
113
108
103
103
101
104
102
104
101
100
99
103
102
99
100
98
101
96
97
92
92
93
91
90
88
87
89
87
90
87
87
89
87
88
85
85
85
84
81
84
83
84
79
80
81
81
83
84
87
84
84
81
83
86
84
86
85
88
83
85
85
87
87
84
85
85
88
86
84
85
87
84
92
85
85
85
91
88
81
86
87
89
87
84
87
89
86
88
89
85
86
87
87
87
86
87
90
86
88
85
86
87
89
90
86
87
87
86
90
85
88
85
84
89
83
88
92
85
87
90
86
82
86
86
89
86
87
85
88
91
91
90
85
85
85
83
89
85
86
82
82
84
85
86
85
86
86
86
87
87
88
86
87
85
86
86
87
88
85
88
86
89
86
89
92
88
90
89
90
88
84
86
87
88
89
87
87
88
86
86
86
86
88
89
86
85
88
87
85
86
84
87
88
90
85
86
87
88
86
87
88
88
87
87
87
91
90
85
88
89
88
85
88
87
87
119
94
76
66
188
92
187
66
323
40
68
57
182
58
83
368
41
336
179
0
24
154
52
3
0
34
391
175
5
55
41
35
33
32
31
29
29
27
28
26
27
27
26
26
26
25
25
25
25
24
24
24
24
24
27
32
36
42
48
54
61
65
289
334
181
58
112
52
49
49
50
49
49
50
49
49
49
48
48
48
49
47
48
47
48
48
47
47
47
50
47
48
55
57
61
68
73
78
84
86
88
91
93
96
94
95
95
95
97
96
98
96
91
97
97
97
97
99
99
96
96
98
97
102
91
139
119
108
88
85
89
88
87
97
94
86
92
121
99
88
91
90
84
101
90
95
87
87
91
90
86
89
87
89
86
88
87
89
90
89
85
88
85
84
84
88
96
94
94
99
102
96
107
100
94
95
90
88
88
83
82
84
83
83
198
72
72
76
83
96
79
78
83
82
80
89
175
81
77
81
76
75
85
78
79
76
76
72
73
78
75
76
76
80
146
108
93
82
80
78
78
85
77
94
86
82
78
90
88
85
83
81
82
81
90
80
91
90
84
73
79
78
80
81
82
85
206
299
91
235
169
106
253
141
261
206
162
205
161
202
170
259
165
0
11
141
166
124
75
175
212
155
196
140
117
0
11
19
293
155
81
147
0
0
192
17
48
66
2
82
54
11
207
180
183
185
182
181
177
175
176
168
165
162
161
162
166
160
154
151
150
148
162
180
188
194
194
