67
83
138
140
128
128
123
130
125
121
117
116
114
120
120
123
131
122
124
123
127
123
124
123
129
130
123
124
123
120
118
123
119
120
137
120
120
118
119
119
129
102
124
116
122
115
122
119
114
112
118
120
119
117
117
118
115
115
117
117
127
113
153
110
114
105
111
105
113
107
108
107
106
109
106
108
119
121
130
133
102
117
111
110
118
113
116
117
122
123
125
124
123
121
122
121
122
121
121
119
122
126
126
124
122
111
123
127
133
126
125
124
123
127
128
125
124
122
125
124
128
128
125
123
125
127
128
131
135
141
121
122
127
129
129
138
127
128
131
132
132
134
133
137
139
135
139
141
140
140
142
157
146
133
129
131
136
134
136
138
139
133
131
133
135
134
133
133
133
132
132
133
132
135
135
136
138
137
139
140
