5
39
40
44
96
87
88
84
80
83
81
82
89
76
78
77
75
71
70
71
68
69
69
71
71
69
70
70
69
68
72
71
70
67
69
72
69
69
69
68
70
68
69
74
70
83
77
78
108
60
61
61
60
62
63
62
60
61
62
59
58
60
59
61
61
60
64
61
64
63
68
71
71
75
83
83
88
101
89
97
96
108
122
140
85
79
92
89
74
71
66
73
69
83
134
99
74
74
89
214
80
69
66
66
71
71
78
82
77
77
69
144
65
67
67
63
62
65
65
62
67
71
83
203
127
154
130
94
82
72
72
74
77
134
93
77
86
71
69
70
70
67
68
69
65
64
62
64
61
63
65
67
80
90
87
106
120
146
263
408
557
494
385
333
306
295
284
282
270
266
265
266
265
264
262
262
261
264
263
264
262
261
261
263
264
264
