81
352
476
359
230
108
76
69
77
78
74
64
72
60
68
72
79
66
62
90
90
173
71
35
37
31
36
42
55
55
68
55
89
50
52
44
138
186
60
60
60
58
58
56
52
50
90
624
274
47
44
34
36
55
50
34
37
36
30
34
44
45
49
107
224
282
212
391
393
234
240
129
45
43
35
36
32
44
43
34
38
63
29
31
71
68
132
28
29
33
32
33
28
27
31
31
31
67
45
63
92
228
68
64
64
60
63
60
64
77
62
63
65
69
80
78
81
83
82
81
84
80
84
80
81
75
66
73
78
95
108
107
119
123
129
127
118
114
124
124
151
164
148
148
148
137
141
153
140
144
143
138
134
144
145
147
142
144
142
149
146
147
151
153
143
