8
30
89
91
87
87
84
82
83
81
82
81
81
79
79
79
80
77
78
78
78
79
79
79
78
78
77
77
78
79
79
77
79
77
78
80
79
79
77
78
77
79
78
79
80
78
79
79
88
84
82
76
76
74
76
75
81
87
75
76
74
85
77
78
74
75
75
77
73
74
75
77
76
75
76
83
77
80
75
77
75
77
76
76
76
86
73
75
78
75
76
76
77
77
77
77
76
77
79
77
76
73
75
77
78
77
76
77
76
77
80
77
76
79
76
78
78
76
78
77
78
77
78
78
75
79
78
77
78
80
79
79
82
85
86
91
93
104
137
191
238
316
323
305
225
253
206
196
247
239
195
203
210
222
233
251
259
260
267
259
255
252
249
