15
121
106
105
103
112
98
99
98
95
95
94
99
93
96
113
88
92
92
90
90
90
90
91
90
93
89
87
91
89
90
91
89
86
88
85
86
85
86
86
93
103
97
99
97
93
92
87
83
83
80
83
78
74
79
46
46
45
44
45
45
46
45
45
45
46
45
47
49
53
51
57
53
51
48
49
47
49
59
63
86
128
211
441
243
80
258
72
140
98
205
155
204
115
123
153
187
106
231
214
106
383
141
248
252
308
275
147
212
252
371
374
102
335
337
227
319
283
152
161
195
334
246
296
332
297
150
253
250
158
48
10
85
316
171
324
8
117
110
210
165
266
277
210
78
303
238
106
296
278
297
293
152
123
274
188
228
292
256
221
269
94
280
237
202
257
253
243
239
242
236
231
227
228
218
214
212
210
212
217
225
212
205
206
194
193
194
