23
219
307
198
312
336
325
321
314
257
52
119
362
348
142
349
338
327
286
310
222
324
149
312
247
160
362
227
112
324
337
345
339
336
332
279
53
280
294
257
126
338
223
149
292
67
0
283
182
0
151
294
311
273
284
269
203
286
272
208
87
8
8
321
330
327
330
332
332
329
326
327
326
326
327
253
280
312
294
113
4
48
199
124
0
19
210
208
16
0
134
36
65
172
0
122
36
0
142
226
14
83
91
170
113
41
82
71
395
400
196
121
137
0
50
75
277
238
237
224
95
185
122
83
27
184
79
44
44
112
213
190
165
125
217
2
32
41
205
4
59
89
215
50
110
218
109
187
107
233
243
298
303
115
103
276
199
264
0
190
231
151
101
140
50
238
13
272
31
32
158
44
1
161
171
1
190
180
227
0
27
260
267
56
243
132
0
117
0
50
299
140
131
208
154
0
181
0
198
1
71
2
56
196
148
30
264
0
145
170
87
143
345
211
370
265
278
213
97
37
47
27
331
134
195
187
88
240
0
17
124
350
351
355
350
337
328
323
321
314
316
308
310
318
292
174
275
278
283
278
281
286
285
284
282
280
