15
17
16
13
11
16
11
19
19
22
17
23
13
19
39
22
55
28
27
35
29
36
36
39
40
34
49
51
46
42
33
33
46
32
33
33
38
40
37
42
34
33
37
54
59
68
94
113
212
178
295
45
52
62
86
188
70
36
229
84
52
48
48
37
19
28
31
20
23
68
77
83
80
336
273
146
36
38
149
68
55
1
38
291
6
0
2
61
10
9
10
10
10
9
10
12
10
9
9
8
11
13
125
38
0
96
27
66
66
32
46
35
29
28
13
20
146
2
7
7
8
7
8
8
8
8
8
8
7
9
18
15
43
250
245
109
142
18
15
26
16
33
44
70
26
21
63
30
37
55
51
74
31
17
18
16
34
11
15
10
10
13
11
13
14
16
18
26
47
28
32
31
26
34
33
25
31
46
33
30
33
34
43
33
38
37
46
45
41
44
52
42
42
42
40
42
38
41
38
37
35
38
37
41
42
54
43
63
135
46
76
63
84
127
363
150
40
20
16
14
26
15
44
166
23
51
127
124
189
124
73
160
0
4
107
42
81
56
11
13
12
27
23
17
19
26
0
19
58
8
6
17
0
18
0
7
38
2
30
5
37
44
41
78
4
58
56
90
71
287
149
238
230
134
90
172
324
121
21
18
55
316
193
136
172
62
193
139
86
229
92
86
187
101
131
141
102
35
120
69
164
37
72
28
100
43
203
38
16
72
272
15
171
80
462
186
100
251
68
59
39
22
22
16
20
40
21
20
30
27
28
30
27
26
25
26
21
18
14
11
10
11
10
10
11
12
14
18
27
24
26
33
251
3
90
96
134
328
191
254
10
55
65
0
0
3
18
20
24
3
53
40
30
75
397
189
0
10
24
14
13
18
347
45
0
61
73
0
11
15
26
11
11
20
19
25
214
1
0
8
197
5
15
7
73
45
2
1
23
33
19
29
27
121
0
0
40
234
72
2
2
14
15
410
6
0
8
37
52
48
239
23
44
59
55
39
0
252
8
0
4
36
48
32
0
0
20
38
0
86
102
0
20
17
3
31
13
17
28
21
12
17
15
19
13
22
26
18
16
18
16
23
21
10
50
218
0
32
59
206
57
13
1
11
9
12
26
76
61
91
60
63
324
90
356
171
97
294
348
193
0
0
0
32
6
4
99
64
56
45
27
0
0
37
51
51
54
53
55
57
58
58
58
58
59
59
66
79
91
105
121
140
143
148
160
163
172
179
179
185
176
173
174
178
178
177
176
176
176
178
178
177
175
176
175
176
