43
64
57
68
75
74
65
67
67
68
67
66
69
66
71
73
73
71
74
72
73
72
72
73
72
72
74
71
72
71
72
70
74
72
73
72
71
73
72
72
73
70
72
71
74
69
71
70
70
70
72
70
70
69
69
69
69
71
69
66
70
66
68
68
67
69
67
68
66
67
67
68
67
68
68
68
70
69
68
67
69
70
68
70
68
67
68
68
69
68
69
68
68
68
73
73
73
73
68
83
70
64
66
63
68
67
65
68
62
65
63
64
65
64
64
63
330
130
201
183
129
136
118
114
175
325
216
208
50
0
14
69
28
54
56
39
76
197
192
35
79
60
52
93
52
182
171
117
34
174
119
184
44
0
39
178
79
66
376
28
60
36
18
16
15
15
15
15
14
15
37
91
80
32
29
33
31
44
36
34
38
73
58
81
144
49
39
59
67
62
54
146
165
20
71
113
62
66
24
24
21
15
15
21
16
20
33
187
5
176
24
230
27
275
130
5
75
4
88
364
142
86
0
44
64
143
36
20
18
17
18
17
17
17
16
16
16
16
15
15
15
15
15
15
15
15
15
17
18
22
24
24
24
27
31
35
37
39
44
46
50
53
57
57
59
61
61
64
64
64
64
65
64
64
65
66
65
66
64
65
67
67
64
65
64
64
64
66
65
65
64
67
66
65
65
65
66
63
66
68
65
67
65
67
67
66
66
66
65
65
66
67
66
66
68
65
64
66
64
67
65
65
65
65
66
65
65
66
65
64
66
65
66
64
65
63
65
65
65
65
65
66
63
66
66
63
67
78
91
108
56
56
68
55
54
52
54
51
52
53
51
52
52
53
53
52
52
53
52
53
52
55
72
85
57
120
114
150
61
113
193
140
151
109
105
383
0
219
24
159
33
47
11
3
0
0
0
0
0
0
0
0
2
118
219
49
82
0
168
121
202
205
321
7
108
132
2
54
84
99
66
360
0
72
14
29
62
16
25
22
21
20
19
20
21
17
23
17
17
17
17
16
16
16
15
16
15
14
15
17
18
21
22
24
28
34
38
43
45
51
50
55
59
59
62
62
64
66
67
68
71
68
67
70
68
68
69
70
68
71
70
70
70
68
69
69
68
72
69
67
68
68
72
70
68
69
70
72
70
72
70
71
70
70
70
69
72
72
73
84
103
68
60
61
61
60
67
161
166
69
95
46
54
159
65
55
85
79
42
220
27
19
8
8
10
18
11
14
12
9
9
10
9
10
9
12
11
9
10
18
9
9
19
20
31
10
12
12
14
35
58
21
21
23
22
27
26
31
37
25
32
44
75
12
10
11
10
12
11
13
10
10
13
11
10
10
9
10
10
9
9
10
11
10
10
9
9
10
10
11
13
14
15
17
19
20
23
23
25
26
29
30
31
30
32
31
32
34
34
35
44
43
36
39
36
32
31
33
30
38
36
35
45
45
36
66
39
33
38
33
32
28
27
31
41
35
36
41
82
22
19
32
20
18
21
18
20
29
43
29
94
19
19
34
24
20
23
26
40
68
28
40
57
30
52
49
22
27
21
18
26
22
21
22
22
22
28
19
19
23
18
33
57
18
15
29
15
35
18
14
16
15
21
76
155
113
36
45
106
33
12
16
14
22
22
12
13
13
12
20
52
32
26
29
12
33
56
13
12
16
16
12
13
13
13
17
45
18
17
103
19
14
17
15
23
16
23
66
42
29
22
17
19
23
31
15
15
14
14
19
57
63
34
113
51
20
22
96
127
15
19
204
219
40
0
0
63
137
133
97
0
0
38
138
0
0
13
111
183
78
58
1
40
19
45
13
12
12
11
12
13
13
14
16
15
11
11
11
11
10
10
10
10
10
10
10
10
11
13
15
16
20
24
28
29
29
33
36
38
38
36
39
43
42
44
49
47
46
53
48
45
51
48
51
50
49
47
47
51
45
46
51
51
49
45
48
43
49
96
92
51
43
41
44
46
70
62
43
42
39
45
40
37
43
38
37
43
38
40
40
37
39
37
40
39
39
38
42
41
42
38
42
41
43
42
43
42
46
46
45
47
48
47
44
47
52
49
48
47
48
52
52
48
46
49
45
49
48
49
52
46
49
50
51
45
49
47
48
48
46
47
46
49
47
47
46
47
45
47
50
46
49
48
65
123
41
41
40
69
57
53
50
65
71
45
44
39
40
40
45
53
98
148
60
348
236
214
234
174
251
0
0
0
39
131
75
268
144
163
216
193
259
38
68
108
171
101
53
35
82
34
18
13
13
12
12
11
11
11
10
10
11
10
11
10
11
10
10
10
10
9
10
10
12
13
15
15
18
19
22
25
27
28
32
34
37
38
40
46
48
46
48
47
50
47
51
49
50
48
51
49
51
50
50
51
49
48
52
51
53
51
51
48
53
50
48
53
48
49
49
48
52
52
51
50
49
52
52
52
51
56
54
56
59
54
53
49
51
47
51
48
44
49
48
44
50
47
49
46
45
46
45
46
44
43
47
50
47
44
48
44
42
47
48
45
48
48
48
50
52
48
50
51
49
52
48
47
49
54
55
54
61
70
57
49
77
65
46
51
44
51
73
47
48
49
51
50
53
59
47
47
48
50
25
29
26
25
25
27
28
28
29
34
38
52
69
157
342
64
0
3
124
147
1
12
270
251
0
0
25
198
235
311
63
73
114
4
31
32
69
156
117
212
83
124
72
5
122
76
92
0
4
211
3
0
116
150
0
4
111
124
22
82
88
210
166
1
0
87
233
0
0
11
152
96
69
48
60
322
6
145
26
19
16
22
19
20
17
17
17
17
18
19
18
16
18
19
22
20
15
17
15
14
13
14
16
18
19
24
24
26
33
35
39
41
45
46
45
48
47
52
55
61
66
66
53
52
50
51
41
43
43
40
43
52
56
57
58
59
61
67
66
63
69
72
67
63
58
55
46
48
50
55
50
44
46
39
40
44
44
45
39
43
46
48
51
45
53
48
49
49
63
60
64
56
63
64
67
75
81
85
63
61
66
71
83
79
69
69
78
82
70
61
59
53
49
50
48
37
38
37
41
47
38
44
39
40
49
55
48
47
39
40
40
35
35
40
35
39
37
41
44
42
45
48
48
44
50
52
52
49
47
51
56
68
59
53
56
56
51
54
56
60
55
61
83
56
68
53
43
39
54
36
84
52
37
68
157
65
69
43
30
33
39
70
31
26
25
26
29
31
53
519
466
369
307
118
159
225
40
147
62
48
40
126
138
366
42
118
57
162
228
211
242
207
186
268
74
30
103
0
27
83
24
17
15
13
12
11
11
11
10
11
11
10
10
10
10
10
9
9
9
9
10
12
13
14
15
18
18
19
25
26
28
30
30
34
34
43
43
42
48
49
52
51
52
56
56
56
55
62
231
35
37
42
40
45
50
58
59
56
55
55
55
51
40
43
40
40
36
32
35
37
35
39
37
36
33
34
41
46
51
49
50
48
48
49
44
39
36
38
45
46
50
52
60
51
51
61
59
62
67
54
57
66
61
59
70
75
59
69
71
70
64
66
82
87
60
52
58
52
71
66
65
66
75
67
82
84
112
86
74
76
78
87
139
140
127
95
76
63
83
96
84
92
70
270
27
42
45
35
36
31
27
27
29
31
43
121
0
146
30
264
280
0
31
150
27
35
30
30
32
22
0
33
179
121
123
0
0
0
79
56
21
2
80
0
37
349
67
64
47
0
114
66
50
31
22
50
220
4
20
13
11
10
10
9
9
10
9
9
9
9
9
9
9
11
12
13
15
16
16
16
16
16
15
15
17
19
24
26
28
32
34
36
38
43
45
45
48
52
52
51
53
55
56
54
56
53
53
52
55
55
56
54
56
53
51
58
55
54
53
55
57
56
55
57
57
54
55
56
52
53
54
54
54
56
56
54
52
52
55
54
55
54
53
52
57
54
56
56
53
54
54
53
51
53
55
52
54
55
53
55
53
52
56
55
52
54
52
53
53
53
52
52
55
53
50
52
52
52
55
53
53
52
55
53
54
55
53
55
54
55
52
54
55
54
56
54
55
55
53
54
52
54
56
53
54
52
54
50
51
55
53
54
51
55
55
53
54
54
53
52
53
53
51
54
51
54
52
53
53
54
53
51
50
53
56
52
56
53
52
53
55
53
56
53
51
53
52
52
54
51
53
52
54
54
51
53
54
50
51
52
55
51
53
51
51
53
50
53
53
53
51
53
54
57
54
51
51
53
52
53
52
52
54
52
53
59
58
84
73
61
87
60
57
55
91
95
9
9
10
11
9
9
10
9
9
9
9
9
9
9
10
9
9
10
15
10
10
17
10
12
10
10
10
12
15
15
17
20
25
25
26
29
233
240
27
16
11
30
13
9
12
13
10
17
39
203
11
11
11
12
32
20
30
50
20
36
9
166
350
2
0
288
0
66
157
140
179
0
0
181
0
21
217
72
0
0
94
26
279
170
5
71
257
79
69
115
111
0
0
36
50
57
58
58
61
59
68
67
67
85
68
78
71
71
71
71
72
72
74
73
74
74
75
85
88
92
98
105
112
121
125
124
120
118
115
113
115
107
103
104
100
98
99
94
92
90
90
89
87
85
83
84
85
86
87
87
86
86
89
88
87
87
87
87
87
87
88
86
86
85
88
86
86
86
85
84
85
85
86
85
84
83
83
84
82
84
82
82
81
84
83
80
83
81
87
80
84
81
83
81
78
80
81
82
79
80
79
78
80
81
78
78
77
78
78
78
79
76
78
77
76
78
77
76
76
77
78
78
79
79
76
77
78
78
79
78
79
77
80
78
77
77
76
77
78
78
79
78
76
76
77
77
77
77
76
76
75
77
76
76
77
78
77
77
76
78
78
78
75
76
75
78
79
74
75
75
76
77
76
75
74
74
74
75
74
75
75
74
75
76
77
74
75
74
75
76
75
74
75
74
75
75
75
73
75
76
75
74
76
73
74
74
74
74
75
74
74
72
74
74
75
74
74
74
74
75
74
73
74
73
73
73
73
74
75
75
74
73
73
74
74
74
71
76
74
73
74
75
75
74
72
72
73
73
75
75
73
73
73
73
72
73
73
74
74
196
41
39
41
43
72
43
64
60
42
59
59
59
65
61
212
56
75
81
53
92
103
61
66
89
237
228
45
211
217
155
0
0
72
30
0
192
23
2
253
76
145
211
109
99
13
51
63
68
55
37
309
1
0
0
100
22
29
40
39
33
33
32
31
31
31
30
30
31
30
32
33
42
71
43
35
37
34
35
39
45
48
49
52
54
57
59
63
65
65
64
64
64
64
65
63
64
63
63
63
63
66
67
68
70
72
75
82
84
77
72
75
75
75
76
74
74
74
75
74
74
74
75
73
74
75
74
74
74
73
73
74
73
72
74
78
73
76
75
76
76
76
76
76
77
75
76
76
75
77
77
76
76
76
76
78
77
76
75
78
76
75
77
75
76
75
75
73
75
76
87
98
71
68
70
69
70
65
70
67
69
75
74
61
72
73
78
69
68
68
67
78
69
72
72
232
120
74
58
62
61
60
75
69
69
89
59
64
59
56
56
55
59
57
57
57
64
80
55
50
48
47
47
49
51
51
52
51
52
51
51
51
50
50
49
50
50
50
51
49
50
50
49
54
49
53
57
60
64
69
74
69
118
124
64
77
125
70
67
69
68
65
68
66
69
65
66
67
72
69
74
76
112
95
112
116
126
126
133
135
150
132
127
126
141
157
182
287
203
95
153
140
88
153
149
107
86
151
147
127
120
137
121
118
133
140
121
127
135
121
117
110
95
116
116
136
136
122
104
132
114
104
115
107
82
123
126
124
123
143
119
144
154
140
100
111
142
137
184
150
134
86
124
101
126
102
308
53
52
50
49
49
48
47
47
47
47
280
61
235
82
23
48
86
200
11
9
8
8
8
10
19
44
60
37
41
23
15
42
29
24
23
11
11
17
19
14
19
38
29
33
25
17
19
15
17
37
73
52
39
57
82
38
26
39
34
43
31
71
34
33
40
47
28
49
52
92
36
43
37
39
40
34
25
25
30
27
25
29
48
26
29
39
40
64
290
208
163
3
201
231
0
126
0
0
254
69
0
5
58
77
174
155
385
196
311
28
105
6
24
29
24
20
12
10
11
9
10
11
65
80
17
44
30
51
26
16
61
26
12
12
33
27
24
25
33
38
47
45
39
30
66
39
139
131
242
212
1
0
58
10
34
116
0
25
162
186
90
97
358
104
270
134
0
12
278
37
15
18
14
13
13
13
13
13
12
13
12
12
12
12
12
12
11
11
11
11
12
12
12
13
13
13
15
17
19
22
25
27
30
32
35
39
41
42
46
47
48
49
51
52
53
53
53
54
54
53
53
54
53
54
53
53
54
54
53
55
54
54
55
55
54
53
53
54
54
54
52
52
52
53
54
52
54
53
53
54
63
67
57
53
61
58
69
63
51
49
48
56
50
48
50
53
50
47
47
48
49
46
49
48
47
47
48
53
49
46
48
48
48
48
49
51
49
50
52
51
52
52
52
52
51
53
53
53
51
52
77
50
49
50
49
48
50
50
50
49
48
48
47
49
49
48
47
42
50
48
49
49
50
48
50
49
49
50
49
51
51
48
51
52
52
53
52
53
52
53
54
52
52
52
53
52
51
53
52
52
52
51
53
54
50
53
52
52
54
49
49
52
52
54
52
54
52
54
53
54
54
53
53
50
51
51
51
54
52
53
51
52
52
52
54
53
53
54
54
53
52
52
53
52
50
52
78
53
89
44
70
48
73
52
54
51
47
55
53
56
62
63
65
82
83
97
98
106
95
87
85
91
90
107
108
93
81
68
67
116
61
278
39
33
52
53
42
43
52
54
53
60
62
69
68
71
94
101
107
131
118
120
127
129
129
127
124
113
115
118
118
118
117
116
120
120
120
120
129
129
117
120
117
126
125
125
128
133
158
142
162
161
163
164
167
151
157
160
169
164
153
163
170
177
171
85
79
79
146
185
177
185
173
180
195
176
179
155
205
120
205
135
150
175
186
128
139
215
205
180
206
181
188
184
146
117
170
175
76
215
198
188
0
68
122
171
241
177
99
195
179
210
38
170
170
156
85
68
197
160
95
201
15
55
39
36
36
39
50
68
165
103
135
147
147
51
156
141
113
138
135
137
94
50
54
59
64
68
82
89
107
99
116
104
108
107
116
129
117
118
141
136
156
145
154
162
179
161
167
165
146
153
178
147
148
200
150
156
156
152
247
204
164
152
191
