24
44
77
85
87
88
95
92
92
89
92
95
93
97
93
117
91
96
95
96
117
89
89
88
90
87
85
84
87
89
97
111
140
121
108
104
107
102
105
193
183
134
108
92
98
121
74
71
74
74
84
92
104
72
70
70
80
71
73
64
64
60
62
74
66
58
68
65
61
60
64
77
81
93
111
134
99
105
107
110
125
142
183
103
100
94
92
90
84
88
87
80
73
66
64
73
114
108
271
79
76
69
75
60
68
63
53
54
48
47
48
62
70
52
53
54
53
55
57
67
55
58
60
62
61
61
64
71
71
84
89
94
84
104
108
95
101
107
104
110
112
172
207
164
137
89
91
89
91
90
78
77
85
82
72
74
78
80
78
83
81
78
79
80
80
86
103
110
69
79
90
90
84
84
83
90
122
95
97
148
144
103
133
122
118
119
145
147
153
158
167
163
180
208
214
169
142
131
133
121
112
95
107
106
112
103
96
94
96
97
100
99
101
102
103
106
105
104
110
106
103
104
105
105
114
119
119
116
135
131
123
114
107
102
103
110
113
112
122
117
118
120
118
117
115
113
113
112
105
110
105
98
97
94
95
92
92
94
96
97
96
101
100
100
104
140
115
133
141
150
148
143
148
139
140
143
134
125
131
128
132
138
134
136
133
132
136
134
140
142
143
147
146
150
147
147
152
148
139
143
143
139
150
151
151
