20
216
200
205
239
257
272
398
563
420
347
315
299
285
279
271
271
270
267
262
266
267
262
260
261
259
263
246
167
106
55
21
15
34
150
254
260
233
15
16
41
27
27
72
230
264
264
263
259
260
262
261
266
263
260
264
260
257
162
40
32
29
22
17
19
15
14
14
16
23
12
10
11
12
12
12
13
12
13
13
13
14
13
13
14
17
22
27
31
33
38
41
47
55
64
62
67
69
74
77
84
87
90
91
92
93
93
92
91
88
90
89
89
86
87
87
89
91
92
93
91
91
92
92
92
91
90
92
92
92
94
94
93
93
92
95
93
94
96
97
100
103
95
101
84
101
112
102
103
94
94
123
105
104
99
94
103
102
124
253
562
484
126
44
27
24
23
25
22
22
26
33
38
40
51
61
137
48
45
40
38
37
37
33
30
34
30
31
34
35
41
46
52
65
71
64
63
64
103
101
82
76
69
73
90
100
100
106
111
112
112
114
114
124
120
122
146
94
118
107
166
113
164
240
257
164
291
71
79
125
149
86
69
61
60
57
57
56
57
57
56
57
58
71
54
54
52
52
52
52
54
52
53
54
57
61
57
61
63
68
74
79
81
84
87
85
87
87
87
88
87
90
91
92
91
94
93
91
92
93
94
94
93
92
90
92
92
95
92
90
90
93
93
91
93
92
93
92
95
92
94
93
93
92
90
93
96
90
93
90
94
97
95
90
95
92
95
97
93
91
93
90
92
94
92
94
92
90
93
96
95
100
102
114
120
118
111
103
92
89
120
96
97
75
70
68
71
76
76
77
75
76
74
76
73
74
72
72
70
70
71
72
73
70
70
71
72
72
72
73
74
75
78
82
80
79
82
79
86
81
79
79
77
82
82
85
82
81
82
83
82
85
81
82
83
82
82
84
80
84
83
83
81
81
82
83
82
81
87
81
84
81
83
82
82
83
82
84
81
83
85
83
84
83
84
84
80
83
81
83
82
82
80
80
80
81
84
80
81
79
79
79
81
82
79
81
79
79
80
82
78
78
79
79
77
78
79
80
80
80
80
81
79
79
82
77
79
79
80
80
80
78
80
78
79
79
78
78
77
80
79
80
80
80
79
78
81
79
81
80
81
83
84
83
80
78
80
79
79
79
78
77
78
78
76
77
77
76
76
78
78
78
79
77
78
79
75
79
76
80
74
76
75
79
77
76
80
80
80
78
78
77
79
78
80
78
77
78
80
78
78
77
80
78
78
80
79
80
79
80
82
79
80
78
77
77
77
79
77
76
78
80
81
77
85
77
78
77
80
80
77
75
78
79
79
79
77
77
77
76
81
79
80
76
78
80
80
79
82
75
78
78
76
80
78
77
78
77
77
79
78
78
77
78
76
77
77
77
83
74
81
79
80
75
82
79
77
83
76
83
79
78
77
78
75
77
77
74
77
74
78
78
79
78
79
76
77
78
77
77
81
77
78
79
77
79
77
78
79
78
76
76
79
79
78
76
77
80
77
76
78
78
76
75
75
77
77
78
78
77
79
76
77
80
81
80
79
79
79
79
79
79
80
78
76
80
79
78
80
82
84
93
88
92
94
161
68
151
575
450
368
327
306
289
276
272
266
266
268
265
262
262
260
263
264
263
263
263
260
262
263
263
262
261
