9
49
136
129
125
125
121
119
117
117
117
117
117
116
115
114
114
116
116
115
114
114
114
141
139
117
105
106
111
105
108
108
105
108
103
104
104
108
105
104
104
104
105
104
104
104
104
104
106
99
106
103
106
107
108
109
110
110
109
110
111
112
112
112
113
109
112
112
112
112
111
111
112
112
124
137
127
117
115
109
114
140
156
205
274
391
148
233
211
126
12
98
245
165
123
194
342
124
97
265
241
185
87
40
215
160
154
139
138
141
248
144
136
132
128
125
123
121
120
130
137
190
135
179
120
153
378
157
149
119
110
112
114
109
104
104
101
150
74
22
116
159
197
6
65
75
218
102
138
237
138
218
131
70
119
251
391
136
188
199
195
89
43
143
158
327
430
417
330
275
346
306
268
162
287
15
115
110
108
176
136
103
107
112
110
109
107
109
109
107
109
111
109
111
109
109
108
108
106
109
117
119
141
157
172
179
179
180
192
253
398
35
215
88
200
162
224
223
193
222
257
214
217
226
205
206
298
229
157
156
153
153
152
157
151
150
149
151
150
