35
73
92
108
86
89
86
86
90
77
84
84
85
82
81
83
84
87
101
91
97
160
68
73
71
87
71
80
74
68
66
66
65
81
86
67
67
66
66
66
65
77
69
85
78
68
66
77
91
75
75
72
74
75
74
76
81
80
77
77
78
79
78
76
77
79
77
77
76
77
79
79
77
77
75
84
85
97
84
81
82
79
80
86
81
81
86
91
84
82
80
83
84
89
91
80
81
90
95
95
81
77
74
76
76
76
75
76
77
76
73
78
76
75
75
77
75
76
76
76
78
78
78
79
76
76
77
77
79
84
76
89
85
80
84
82
98
88
79
82
82
82
82
82
80
80
80
78
80
79
78
80
80
81
79
79
80
79
80
81
79
81
78
79
81
80
81
83
79
81
81
82
82
83
83
84
82
82
83
83
81
83
82
83
85
83
84
85
83
83
82
81
81
80
81
81
81
82
82
81
81
80
80
82
81
82
80
80
81
82
82
81
81
80
80
82
83
83
82
83
82
80
81
82
86
85
83
81
82
81
82
80
81
81
84
80
80
79
79
81
81
81
81
80
78
81
78
80
80
81
80
80
80
82
80
83
75
86
80
82
83
82
81
79
82
82
85
86
83
84
83
81
86
86
81
81
81
81
80
79
80
80
82
79
82
89
86
80
78
80
80
82
84
79
84
81
81
83
82
81
81
82
83
79
80
80
80
83
83
82
78
82
80
81
80
84
84
85
84
81
84
83
80
82
80
82
79
84
82
82
86
82
78
79
79
79
80
79
79
79
83
80
80
82
82
82
83
81
80
82
80
81
81
80
80
81
79
82
81
83
82
81
