5
7
12
11
13
15
18
21
23
27
30
31
36
37
43
45
49
52
55
53
55
52
55
54
52
51
52
52
52
53
53
55
53
54
51
54
53
51
52
52
49
54
53
51
36
53
54
53
53
58
53
54
53
52
52
50
56
64
55
53
56
55
64
61
63
67
47
47
80
58
79
63
114
82
62
58
84
54
44
46
53
58
42
48
43
42
39
40
41
60
58
39
52
40
47
102
130
53
46
53
60
63
79
49
29
43
51
45
51
51
47
47
50
48
41
36
41
39
47
39
46
133
173
218
62
29
21
33
23
22
25
22
27
27
40
29
32
33
30
37
46
58
68
60
98
109
150
97
127
361
124
269
121
101
82
132
113
128
19
100
70
32
84
78
92
2
69
98
75
126
33
57
19
0
82
0
5
74
0
0
87
148
60
335
149
51
65
123
107
3
63
62
50
135
33
38
11
99
0
72
100
92
100
107
119
100
120
65
110
78
187
157
197
236
51
193
152
122
163
106
85
17
47
0
104
1
133
160
128
49
106
108
15
189
137
81
2
105
52
0
74
65
165
0
0
30
89
130
74
98
1
30
2
115
34
1
98
275
67
53
33
5
17
16
15
15
15
14
14
13
12
15
15
13
13
13
13
13
12
12
12
12
13
13
12
14
16
18
21
23
27
29
34
35
38
40
43
48
53
48
50
54
51
52
56
52
56
56
57
56
53
54
54
55
56
57
54
57
52
54
53
55
56
55
56
55
55
57
58
59
56
56
60
56
55
55
58
58
56
54
61
60
61
62
63
63
58
57
58
69
56
54
56
50
51
52
54
52
52
56
74
64
58
55
54
47
55
52
51
66
67
62
51
55
55
51
50
58
50
53
60
54
62
68
57
54
57
50
59
53
52
60
69
113
87
81
93
95
51
58
65
115
65
90
301
216
190
340
7
119
127
160
101
73
70
48
142
119
142
194
0
0
2
92
202
151
204
57
13
77
37
138
171
159
167
111
131
212
0
0
136
231
136
184
358
4
172
0
2
215
229
168
62
153
105
110
149
46
190
119
0
1
74
87
86
72
66
21
23
41
37
30
28
28
25
26
26
23
25
23
22
24
24
23
22
27
26
27
30
34
35
39
39
38
40
41
42
48
49
50
52
57
112
80
77
74
65
57
58
53
52
68
64
64
62
60
55
54
53
71
59
60
79
53
61
60
65
50
58
60
70
88
74
59
67
59
147
82
71
75
76
52
60
114
56
49
62
60
53
70
71
191
134
192
57
76
119
72
85
134
51
62
62
34
103
82
41
38
44
51
53
70
100
99
124
86
102
102
366
207
76
154
267
97
114
146
61
28
115
0
21
89
104
156
10
0
40
78
2
19
34
115
41
2
3
176
169
126
147
27
0
0
2
121
147
125
121
105
199
136
43
259
39
0
0
59
58
61
74
92
72
53
34
37
30
29
29
26
26
22
23
25
32
24
22
27
25
23
23
27
30
37
41
40
45
42
44
43
41
47
47
53
55
62
58
56
66
58
66
67
76
63
66
70
68
72
63
68
64
72
65
103
74
80
78
63
72
76
70
63
59
63
59
68
91
96
76
55
57
60
74
65
56
67
58
59
63
60
57
67
82
53
52
61
70
58
54
58
52
52
50
50
51
47
54
53
56
51
55
53
52
55
53
60
74
63
57
56
53
57
58
69
70
56
57
58
71
60
62
61
43
62
59
59
87
97
76
61
69
55
72
109
83
50
47
53
49
45
65
63
81
76
71
70
53
53
52
47
50
54
64
51
50
73
60
72
100
59
60
137
101
58
100
129
53
139
73
44
42
43
42
41
42
47
57
41
61
119
141
89
111
77
51
60
50
45
65
187
65
51
62
56
38
48
46
39
42
39
52
43
44
36
39
45
42
38
38
40
38
38
39
39
37
38
40
43
47
51
46
87
56
56
55
66
68
143
109
347
35
173
69
126
256
82
152
300
2
243
291
17
0
130
232
172
194
111
122
222
126
103
0
123
136
0
123
1
75
188
89
141
199
151
4
166
108
189
200
176
186
197
199
180
177
196
188
197
102
208
195
178
171
178
218
206
184
206
186
104
208
308
216
171
101
95
0
24
119
139
123
121
134
127
135
137
159
151
93
148
78
120
141
141
152
138
139
139
136
125
138
132
167
184
9
161
112
40
274
218
204
293
228
225
0
5
108
55
35
106
108
142
244
192
412
145
204
130
118
0
18
39
106
120
124
99
0
0
13
103
103
114
70
59
51
35
48
363
334
16
0
11
38
39
41
43
45
48
49
49
53
51
53
56
50
57
59
56
57
60
57
51
32
25
21
21
21
24
27
29
31
33
35
35
40
37
36
36
35
35
35
35
35
34
34
33
34
34
34
36
38
39
44
45
48
48
51
52
53
53
55
58
56
59
58
57
63
59
60
59
61
61
61
60
62
62
63
60
59
61
61
66
61
59
64
63
64
62
61
63
64
63
65
63
63
60
58
60
63
65
62
59
60
62
61
61
63
60
59
60
62
61
60
62
58
59
60
61
59
58
61
59
61
61
61
61
58
60
61
62
60
61
62
64
65
59
173
54
41
51
41
36
52
50
38
38
40
40
39
38
41
41
43
42
42
45
44
47
48
50
49
52
52
54
61
63
68
74
74
72
69
71
109
79
136
107
238
89
238
70
68
84
106
95
169
72
82
79
89
75
75
80
78
83
87
86
83
83
94
89
105
95
100
100
88
110
106
109
118
119
122
118
127
125
125
126
125
133
125
129
126
130
129
137
146
142
146
147
140
138
139
134
132
122
117
120
119
131
131
140
140
147
169
146
156
162
163
169
177
167
175
168
181
181
178
191
174
183
176
181
164
178
