5
23
35
43
50
59
69
78
89
95
104
112
112
114
114
114
112
113
112
114
112
114
114
112
112
113
114
114
112
114
114
112
113
113
114
112
113
113
113
115
113
113
113
112
114
113
112
112
113
112
113
114
114
113
114
112
113
114
119
113
110
224
282
218
136
126
134
54
233
176
372
190
90
21
146
100
51
88
114
44
23
34
40
47
50
29
23
21
22
21
20
21
21
21
21
20
21
35
44
27
25
23
26
29
30
28
51
73
60
51
67
101
84
52
104
47
63
50
49
81
148
58
58
61
66
69
60
65
67
55
28
25
39
55
126
79
79
76
86
79
96
100
44
51
52
54
54
55
57
57
58
59
54
54
88
94
41
40
41
64
45
48
53
78
58
45
51
44
76
101
51
52
51
61
82
13
445
17
85
31
0
0
0
0
0
0
0
0
0
137
161
144
105
130
128
120
120
120
118
118
115
114
113
115
117
129
142
154
150
144
158
306
45
44
44
45
44
151
132
49
88
91
122
142
41
29
30
32
22
23
56
25
23
21
21
26
21
21
25
33
29
40
44
38
32
29
28
29
38
41
37
34
38
45
42
48
45
48
50
55
57
59
120
65
102
39
161
78
87
195
38
37
41
43
112
237
196
389
128
31
52
25
28
25
36
30
27
28
27
28
84
24
25
25
25
26
27
26
27
43
44
29
28
28
29
30
37
36
45
45
102
37
37
38
39
39
40
52
91
44
54
51
54
93
50
56
56
55
57
51
58
49
52
50
50
50
49
51
54
59
58
59
68
60
112
128
109
130
84
77
73
71
67
232
56
130
136
58
60
61
93
74
81
80
116
31
262
129
0
0
0
0
0
0
0
0
0
0
0
0
3
191
222
225
284
240
235
235
233
235
233
235
230
229
225
223
221
218
219
218
214
213
207
201
196
200
