22
182
155
137
260
172
157
165
156
157
180
159
176
155
143
146
129
204
130
114
134
131
207
201
225
314
282
206
141
164
156
149
139
117
108
131
106
97
97
97
105
101
103
119
107
101
95
102
89
98
95
83
78
84
88
276
119
130
122
134
167
149
170
190
186
158
88
137
50
133
295
123
122
114
101
98
111
125
180
160
302
142
199
128
96
145
117
126
157
171
118
100
105
101
102
106
100
105
109
133
183
127
127
149
208
278
227
144
143
117
110
147
133
155
149
169
358
130
48
276
253
346
264
289
265
141
254
255
270
235
212
213
219
217
212
210
204
196
184
166
149
131
119
167
123
129
117
113
116
123
129
141
138
131
128
172
165
217
259
274
255
212
193
187
195
249
425
474
322
297
254
261
308
335
362
253
121
98
97
102
99
97
108
117
190
320
265
425
326
97
100
106
140
147
171
189
179
128
162
159
172
153
171
173
166
165
147
144
184
153
174
166
178
172
176
183
217
255
295
314
313
314
306
