6
73
89
87
84
82
81
80
80
80
78
78
77
78
78
79
79
78
76
77
77
77
76
76
75
76
77
78
76
80
83
77
75
76
75
75
74
75
75
75
73
74
75
73
73
75
80
78
76
74
73
74
75
77
75
74
74
76
76
76
76
76
76
75
79
78
76
79
80
77
76
76
76
76
78
84
79
80
76
76
76
75
75
76
74
77
76
76
77
75
74
75
74
74
75
74
76
78
76
81
76
76
75
79
76
76
76
79
78
76
77
77
77
77
78
76
75
76
76
78
76
74
75
78
74
75
77
76
77
76
76
75
78
78
76
75
75
74
76
75
75
76
73
74
74
76
77
76
75
74
75
75
75
76
75
76
74
76
76
76
76
76
74
77
76
75
77
76
74
72
75
75
75
75
74
75
74
76
76
75
87
75
73
75
74
74
72
74
75
74
76
74
74
73
74
76
75
79
138
110
69
67
71
71
68
68
63
62
64
65
66
66
71
74
77
77
79
78
79
79
78
75
72
68
67
65
75
75
72
72
76
74
75
75
75
72
72
72
73
73
72
71
70
72
70
72
71
70
71
73
73
75
77
75
77
77
76
76
78
78
78
82
85
74
76
76
77
78
78
76
