5
58
100
115
129
136
134
134
130
130
129
128
129
130
129
127
127
127
128
128
128
127
127
127
127
128
127
128
127
126
126
126
124
126
125
125
125
125
126
127
127
125
126
127
126
127
126
125
124
127
128
127
127
130
127
126
131
130
128
128
322
111
205
103
163
300
106
266
163
159
205
159
310
176
233
212
217
89
57
69
70
117
44
77
94
59
146
245
31
109
99
3
101
9
233
308
242
157
124
3
92
38
49
85
214
59
68
109
55
43
49
53
68
60
162
49
49
271
13
177
206
292
18
60
327
150
82
71
86
41
41
41
41
42
43
42
42
44
42
58
50
45
43
51
42
46
41
47
44
43
45
57
71
64
69
80
109
107
114
130
154
441
239
220
76
122
70
66
15
15
15
18
15
14
15
15
15
15
15
14
20
15
17
20
28
91
27
39
27
37
60
134
346
216
100
214
189
205
266
256
182
0
98
6
0
5
38
97
235
208
105
55
155
196
197
152
138
175
88
244
20
61
130
153
33
270
171
158
163
223
99
140
5
9
50
139
49
341
52
167
168
114
22
118
329
252
132
75
92
40
32
10
42
107
95
137
78
52
48
48
48
47
47
47
47
47
47
47
47
46
46
46
49
52
59
65
77
87
88
89
88
88
88
89
100
112
125
137
149
355
405
99
101
151
165
140
133
88
150
204
114
136
288
74
148
131
22
264
288
151
68
5
171
0
193
204
64
1
64
9
69
71
72
73
83
28
128
90
49
23
8
76
59
129
33
95
52
68
74
24
43
26
91
0
95
122
128
131
60
192
187
87
78
56
122
38
118
170
152
140
140
136
134
132
131
132
129
131
132
132
132
133
134
134
131
129
131
134
139
154
167
166
172
163
164
169
178
180
183
184
186
186
184
187
188
187
190
191
192
191
185
