5
69
106
120
131
132
131
130
128
127
135
124
124
124
125
124
123
123
125
124
124
123
122
123
123
124
123
125
122
123
121
122
122
123
123
122
122
123
122
123
122
123
122
124
125
124
124
122
122
123
121
122
124
122
121
123
124
122
124
121
122
122
121
123
121
122
123
122
123
122
126
126
122
124
168
212
368
220
96
277
8
170
115
166
244
278
203
150
60
85
1
64
160
124
133
157
72
198
392
159
226
41
157
125
136
113
111
90
31
60
14
123
132
128
132
135
134
132
133
131
133
132
130
130
132
132
131
140
163
178
185
186
193
213
246
280
293
293
293
