46
425
130
135
136
137
137
138
139
141
141
140
138
136
138
373
117
113
115
112
115
116
114
112
111
111
109
113
113
113
114
115
115
111
111
109
112
109
112
110
111
113
115
132
150
167
182
195
208
215
225
226
235
230
238
243
254
132
84
366
198
195
204
82
311
193
252
138
98
59
157
116
46
101
75
42
18
35
117
131
197
36
61
83
41
103
64
111
64
78
85
109
4
40
0
70
8
68
115
98
52
109
59
0
65
107
113
115
116
130
138
145
149
154
153
155
153
152
151
150
147
148
152
150
152
150
149
150
148
163
188
214
219
223
