2
81
90
95
97
103
105
105
105
110
117
117
117
116
116
115
115
115
116
116
116
115
115
115
115
115
114
114
113
113
114
114
114
113
112
112
112
113
112
112
111
111
111
111
112
111
110
111
111
111
111
111
110
110
110
111
111
111
111
109
110
111
111
111
111
110
111
111
111
111
111
110
110
110
110
111
111
110
110
110
111
111
124
113
117
156
188
172
260
137
133
153
175
234
420
544
402
361
325
259
253
266
273
259
211
300
294
270
268
260
297
278
260
302
286
278
252
8
145
140
140
135
136
133
134
135
134
134
137
136
136
134
136
136
138
138
138
137
138
139
140
141
141
