3
20
45
26
17
20
17
17
17
16
19
18
19
21
26
28
31
32
31
35
39
43
48
52
57
61
62
62
62
63
63
65
69
72
74
74
75
75
77
77
77
77
77
77
77
78
78
75
76
76
77
77
78
77
76
76
76
76
76
76
76
76
76
77
77
76
76
76
76
77
132
70
69
69
68
69
69
68
68
68
68
69
69
70
69
69
68
69
69
71
69
69
69
69
73
95
75
73
113
103
91
163
110
112
70
61
72
105
67
111
96
116
62
278
232
59
68
138
112
45
43
40
65
37
50
76
59
68
101
36
155
29
26
27
27
26
26
27
52
35
32
39
39
57
151
342
0
96
35
44
289
27
11
0
67
109
142
159
157
71
68
101
233
149
112
113
115
116
119
125
68
159
118
214
151
141
117
106
21
56
103
126
0
84
