3
33
57
60
62
62
62
61
62
68
73
75
75
74
74
79
81
87
88
87
86
86
86
86
86
85
84
83
83
83
83
83
82
82
82
82
81
81
81
80
83
78
81
81
108
107
121
77
74
75
79
70
66
67
63
67
65
65
65
65
65
65
65
65
65
65
65
65
65
65
64
64
65
65
67
69
70
73
74
74
76
74
74
75
75
75
76
76
77
79
87
81
87
83
79
82
89
72
72
73
72
71
71
71
72
72
71
71
71
71
72
72
71
71
71
71
71
72
71
71
71
70
70
84
73
77
80
72
73
73
73
101
95
83
69
70
71
72
68
68
70
76
112
149
132
147
138
82
77
65
60
89
58
64
70
58
56
60
100
120
437
26
137
0
30
94
210
13
10
162
0
22
510
400
201
70
12
31
9
201
33
231
107
131
148
151
154
155
160
164
166
170
169
167
166
168
170
173
174
172
170
187
205
228
226
225
224
225
