1
86
124
115
112
109
107
105
104
103
104
104
103
102
102
101
102
102
102
102
102
101
102
102
102
102
101
101
101
102
102
102
101
101
101
101
102
102
101
101
101
101
102
101
101
101
100
101
102
102
102
101
100
101
102
102
102
101
101
101
101
102
102
101
101
100
101
102
102
101
101
100
101
102
103
103
101
101
101
102
102
102
101
101
101
102
102
102
101
101
101
101
102
102
101
102
103
104
104
119
107
118
120
113
115
116
111
111
114
122
121
125
124
131
138
151
150
291
83
88
212
143
161
164
101
117
246
156
264
133
149
264
395
189
328
304
270
50
188
122
422
57
291
186
104
169
202
186
217
144
105
186
66
35
121
72
161
0
66
207
208
154
122
201
84
0
7
123
131
133
140
151
147
145
147
149
163
172
165
165
164
161
168
167
164
164
162
162
171
169
172
197
228
