9
82
93
100
96
99
92
94
96
98
91
90
91
90
88
88
89
90
89
88
88
89
88
89
89
87
89
90
88
88
89
89
88
88
89
90
89
89
89
87
90
89
91
90
86
93
89
91
90
91
92
90
89
89
90
89
89
88
89
89
90
90
90
88
88
89
89
90
89
89
89
88
88
89
88
88
88
88
88
89
90
89
91
89
90
91
92
88
93
89
88
91
89
89
89
86
88
88
89
89
88
88
88
88
90
88
89
88
88
91
90
89
87
88
88
87
89
88
88
88
89
89
91
129
95
79
84
83
85
95
98
103
148
107
94
90
145
294
90
70
62
63
60
52
53
65
65
70
75
85
137
241
81
58
220
31
127
48
105
126
169
225
33
17
110
93
82
102
65
58
54
51
50
49
47
45
45
43
42
41
43
43
41
42
41
41
41
41
41
45
51
56
62
66
69
71
76
80
84
87
89
90
92
93
95
97
98
98
99
100
99
103
99
104
103
102
109
100
105
100
99
98
99
100
99
84
102
98
98
98
99
99
98
98
98
98
98
99
97
97
97
97
98
99
99
98
98
100
103
102
108
103
101
101
104
99
103
101
100
99
100
100
99
99
99
98
98
99
100
99
98
99
98
99
99
99
98
98
98
98
99
98
99
99
99
100
150
258
239
79
240
263
147
85
111
209
190
104
85
74
69
63
65
78
16
94
239
206
1
92
141
12
123
261
0
131
242
176
87
1
171
92
90
140
27
110
60
69
0
1
145
0
0
53
316
225
171
294
60
1
93
152
110
85
78
80
81
81
78
85
91
88
89
86
86
50
84
208
8
62
64
65
66
63
69
83
94
93
94
138
203
191
96
85
111
0
26
141
143
113
111
107
108
115
122
142
155
164
161
154
158
162
164
162
161
164
163
163
164
173
168
166
190
204
206
202
206
197
209
235
