75
228
229
233
231
226
204
190
206
184
20
160
174
195
184
107
236
238
238
316
187
195
310
379
110
109
110
109
110
107
31
107
113
97
108
104
106
112
44
60
100
98
99
62
115
15
35
86
84
95
103
125
147
153
152
253
441
133
138
70
179
151
0
149
511
243
451
376
326
297
288
283
278
269
271
266
264
279
261
251
130
50
7
50
13
42
81
112
42
63
94
115
116
39
0
66
66
2
34
38
39
19
31
106
111
38
62
66
164
256
49
46
93
216
147
155
41
49
177
107
364
21
157
5
132
68
91
0
87
138
100
0
58
21
404
205
30
103
86
84
88
113
121
83
84
86
87
97
51
24
79
79
85
100
82
142
152
94
78
71
73
78
86
110
126
139
158
195
152
162
280
170
256
176
166
158
206
176
176
160
153
161
157
159
175
183
188
187
198
168
